
210.0
335.0
210.0
155.0
210.0
365.0
80.0
135.0
180.0
155.0
210.0
210.0
520.0
275.0
210.0
210.0
105.0
210.0
460.0
80.0
210.0
210.0
175.0
275.0
240.0
210.0
75.0
155.0
390.0
155.0
345.0
150.0
210.0
240.0
285.0
210.0
135.0
210.0
210.0
390.0
120.0
210.0
105.0
180.0
285.0
125.0
105.0
170.0
65.0
180.0
225.0
210.0
485.0
135.0
105.0
105.0
290.0
155.0
165.0
320.0
155.0
80.0
590.0
180.0
210.0
285.0
155.0
210.0
80.0
105.0
50.0
180.0
155.0
50.0
180.0
135.0
110.0
285.0
460.0
395.0
260.0
180.0
260.0
155.0
210.0
150.0
105.0
180.0
225.0
290.0
50.0
155.0
180.0
155.0
260.0
310.0
210.0
210.0
580.0
435.0
75.0
390.0
210.0
260.0
135.0
155.0
260.0
260.0
355.0
180.0
155.0
210.0
125.0
210.0
30.0
210.0
210.0
155.0
160.0
155.0
180.0
285.0
210.0
260.0
50.0
410.0
80.0
180.0
180.0
370.0
105.0
140.0
180.0
260.0
210.0
280.0
225.0
240.0
210.0
150.0
180.0
135.0
285.0
260.0
225.0
155.0
135.0
260.0
180.0
135.0
210.0
20.0
250.0
355.0
285.0
200.0
105.0
155.0
445.0
165.0
125.0
30.0
180.0
210.0
220.0
210.0
180.0
185.0
180.0
105.0
210.0
440.0
210.0
260.0
330.0
320.0
180.0
210.0
210.0
215.0
210.0
210.0
225.0
185.0
210.0
105.0
135.0
190.0
345.0
395.0
290.0
210.0
225.0
390.0
105.0
210.0
290.0
210.0
135.0
155.0
290.0
500.0
285.0
315.0
210.0
350.0
155.0
180.0
335.0
155.0
260.0
155.0
210.0
180.0
180.0
210.0
210.0
410.0
210.0
440.0
135.0
180.0
75.0
180.0
105.0
410.0
125.0
510.0
105.0
210.0
135.0
410.0
260.0
290.0
210.0
285.0
415.0
440.0
180.0
365.0
120.0
365.0
210.0
135.0
460.0
35.0
425.0
80.0
210.0
260.0
315.0
180.0
260.0
105.0
30.0
210.0
50.0
395.0
155.0
155.0
105.0
180.0
260.0
210.0
60.0
210.0
155.0
390.0
210.0
320.0
365.0
185.0
260.0
410.0
120.0
285.0
240.0
110.0
180.0
105.0
105.0
240.0
180.0
135.0
185.0
210.0
155.0
210.0
240.0
105.0
110.0
210.0
470.0
285.0
435.0
495.0
75.0
105.0
210.0
105.0
110.0
135.0
80.0
75.0
210.0
195.0
155.0
240.0
345.0
135.0
110.0
365.0
185.0
110.0
135.0
345.0
325.0
260.0
180.0
530.0
180.0
80.0
135.0
260.0
165.0
105.0
210.0
285.0
155.0
110.0
225.0
210.0
240.0
180.0
210.0
460.0
195.0
210.0
225.0
210.0
265.0
100.0
210.0
330.0
30.0
180.0
390.0
320.0
155.0
420.0
135.0
155.0
155.0
270.0
210.0
210.0
15.0
120.0
165.0
105.0
105.0
210.0
110.0
180.0
160.0
80.0
240.0
180.0
210.0
410.0
180.0
260.0
210.0
180.0
155.0
110.0
290.0
490.0
120.0
260.0
285.0
180.0
80.0
225.0
210.0
105.0
210.0
440.0
180.0
105.0
260.0
135.0
110.0
210.0
30.0
260.0
180.0
210.0
650.0
155.0
225.0
180.0
485.0
225.0
145.0
210.0
50.0
215.0
230.0
225.0
290.0
210.0
210.0
105.0
410.0
105.0
210.0
380.0
15.0
155.0
215.0
75.0
165.0
300.0
210.0
365.0
485.0
110.0
105.0
225.0
105.0
410.0
155.0
265.0
210.0
210.0
180.0
210.0
105.0
285.0
225.0
120.0
135.0
320.0
645.0
165.0
210.0
210.0
50.0
105.0
460.0
210.0
210.0
225.0
315.0
210.0
380.0
260.0
105.0
210.0
260.0
210.0
380.0
210.0
335.0
85.0
135.0
275.0
240.0
135.0
180.0
210.0
570.0
410.0
120.0
180.0
180.0
320.0
120.0
255.0
460.0
105.0
120.0
205.0
75.0
515.0
290.0
185.0
210.0
485.0
155.0
120.0
110.0
105.0
210.0
320.0
185.0
530.0
210.0
155.0
225.0
135.0
210.0
155.0
210.0
240.0
180.0
210.0
105.0
180.0
215.0
180.0
410.0
135.0
75.0
210.0
260.0
80.0
160.0
210.0
210.0
30.0
440.0
475.0
155.0
135.0
210.0
45.0
165.0
50.0
180.0
150.0
360.0
80.0
105.0
465.0
210.0
180.0
215.0
455.0
75.0
210.0
180.0
210.0
105.0
75.0
210.0
210.0
260.0
150.0
210.0
255.0
210.0
305.0
210.0
180.0
285.0
225.0
370.0
200.0
35.0
210.0
210.0
210.0
270.0
210.0
210.0
105.0
315.0
120.0
210.0
185.0
545.0
180.0
105.0
430.0
210.0
105.0
155.0
110.0
250.0
410.0
120.0
155.0
210.0
210.0
355.0
210.0
135.0
155.0
260.0
295.0
80.0
145.0
30.0
30.0
110.0
125.0
60.0
15.0
155.0
60.0
20.0
50.0
30.0
30.0
75.0
215.0
50.0
30.0
15.0
115.0
110.0
135.0
5.0
150.0
90.0
50.0
30.0
5.0
30.0
80.0
15.0
30.0
30.0
60.0
30.0
15.0
5.0
110.0
135.0
20.0
45.0
210.0
70.0
15.0
155.0
105.0
70.0
15.0
55.0
65.0
65.0
50.0
55.0
15.0
75.0
75.0
120.0
75.0
45.0
120.0
50.0
30.0
30.0
35.0
35.0
55.0
55.0
230.0
35.0
50.0
105.0
100.0
30.0
30.0
75.0
80.0
70.0
15.0
50.0
25.0
105.0
30.0
35.0
120.0
230.0
60.0
75.0
30.0
50.0
110.0
60.0
45.0
50.0
410.0
50.0
105.0
105.0
15.0
75.0
205.0
50.0
5.0
50.0
50.0
135.0
75.0
105.0
20.0
65.0
140.0
55.0
15.0
50.0
50.0
90.0
15.0
75.0
110.0
50.0
75.0
110.0
55.0
45.0
55.0
60.0
35.0
120.0
110.0
55.0
50.0
90.0
30.0
105.0
15.0
155.0
35.0
120.0
15.0
80.0
30.0
10.0
60.0
50.0
135.0
70.0
125.0
80.0
15.0
120.0
155.0
75.0
15.0
50.0
45.0
50.0
5.0
210.0
105.0
30.0
30.0
100.0
35.0
75.0
55.0
30.0
30.0
50.0
75.0
60.0
105.0
25.0
75.0
130.0
50.0
80.0
50.0
15.0
15.0
75.0
105.0
15.0
75.0
30.0
120.0
120.0
35.0
75.0
30.0
105.0
15.0
15.0
50.0
60.0
15.0
55.0
180.0
5.0
15.0
30.0
30.0
210.0
5.0
15.0
15.0
135.0
30.0
65.0
125.0
50.0
45.0
30.0
5.0
5.0
5.0
80.0
75.0
15.0
55.0
50.0
120.0
110.0
135.0
120.0
50.0
50.0
120.0
85.0
105.0
230.0
90.0
45.0
50.0
120.0
30.0
150.0
15.0
15.0
180.0
60.0
135.0
55.0
5.0
60.0
150.0
75.0
55.0
15.0
330.0
65.0
310.0
15.0
75.0
15.0
410.0
165.0
35.0
60.0
5.0
5.0
50.0
30.0
15.0
15.0
55.0
50.0
65.0
105.0
155.0
50.0
255.0
220.0
50.0
105.0
55.0
70.0
60.0
5.0
30.0
5.0
120.0
300.0
40.0
80.0
80.0
60.0
45.0
15.0
110.0
15.0
55.0
220.0
5.0
60.0
125.0
30.0
25.0
135.0
50.0
85.0
60.0
10.0
5.0
140.0
80.0
60.0
105.0
20.0
50.0
30.0
155.0
35.0
75.0
15.0
170.0
20.0
180.0
75.0
135.0
60.0
30.0
105.0
105.0
15.0
75.0
30.0
85.0
105.0
50.0
155.0
75.0
105.0
35.0
5.0
90.0
90.0
75.0
0.0
15.0
340.0
65.0
50.0
135.0
30.0
65.0
20.0
30.0
50.0
15.0
155.0
110.0
30.0
35.0
80.0
105.0
210.0
60.0
45.0
50.0
75.0
25.0
105.0
160.0
75.0
50.0
50.0
30.0
15.0
75.0
15.0
55.0
50.0
110.0
15.0
40.0
80.0
5.0
80.0
40.0
15.0
80.0
50.0
170.0
25.0
75.0
55.0
75.0
50.0
50.0
30.0
10.0
30.0
105.0
10.0
135.0
100.0
10.0
15.0
135.0
30.0
325.0
30.0
30.0
40.0
120.0
35.0
75.0
50.0
50.0
35.0
15.0
75.0
225.0
5.0
75.0
20.0
210.0
15.0
15.0
30.0
55.0
75.0
75.0
80.0
15.0
30.0
30.0
15.0
125.0
55.0
75.0
30.0
50.0
50.0
155.0
210.0
35.0
75.0
30.0
5.0
15.0
30.0
405.0
30.0
385.0
50.0
50.0
30.0
15.0
50.0
10.0
105.0
115.0
50.0
105.0
105.0
75.0
35.0
75.0
55.0
105.0
5.0
105.0
30.0
20.0
75.0
75.0
20.0
50.0
75.0
45.0
125.0
105.0
50.0
105.0
80.0
110.0
0.0
65.0
50.0
30.0
75.0
110.0
30.0
60.0
105.0
45.0
30.0
80.0
50.0
90.0
50.0
105.0
0.0
15.0
80.0
305.0
10.0
15.0
185.0
30.0
105.0
80.0
50.0
50.0
50.0
380.0
35.0
85.0
65.0
50.0
95.0
30.0
55.0
50.0
60.0
80.0
130.0
60.0
45.0
60.0
15.0
15.0
105.0
155.0
105.0
145.0
50.0
30.0
25.0
30.0
50.0
25.0
50.0
80.0
105.0
60.0
105.0
35.0
105.0
15.0
30.0
50.0
30.0
10.0
45.0
50.0
15.0
30.0
75.0
5.0
30.0
40.0
65.0
0.0
105.0
55.0
30.0
380.0
105.0
35.0
20.0
105.0
125.0
15.0
15.0
125.0
110.0
30.0
30.0
80.0
75.0
65.0
55.0
105.0
50.0
300.0
40.0
30.0
120.0
25.0
15.0
50.0
15.0
30.0
55.0
255.0
5.0
75.0
155.0
135.0
30.0
50.0
80.0
50.0
55.0
30.0
75.0
155.0
40.0
50.0
90.0
165.0
45.0
5.0
75.0
75.0
15.0
55.0
85.0
0.0
50.0
30.0
5.0
105.0
75.0
20.0
380.0
55.0
30.0
90.0
75.0
95.0
50.0
5.0
30.0
75.0
35.0
30.0
75.0
30.0
50.0
30.0
75.0
85.0
30.0
135.0
120.0
55.0
130.0
85.0
35.0
105.0
60.0
75.0
30.0
60.0
30.0
55.0
5.0
110.0
50.0
110.0
105.0
30.0
50.0
55.0
110.0
50.0
5.0
110.0
80.0
45.0
30.0
30.0
50.0
110.0
80.0
50.0
80.0
15.0
30.0
20.0
30.0
105.0
50.0
105.0
25.0
30.0
50.0
135.0
20.0
15.0
15.0
50.0
60.0
155.0
65.0
15.0
5.0
45.0
35.0
130.0
30.0
30.0
15.0
30.0
30.0
30.0
55.0
105.0
50.0
120.0
80.0
50.0
55.0
30.0
185.0
40.0
90.0
15.0
50.0
15.0
90.0
