
0.0
5.0
5.0
10.0
5.0
5.0
5.0
0.0
0.0
5.0
0.0
10.0
0.0
5.0
5.0
0.0
5.0
0.0
5.0
5.0
5.0
5.0
0.0
15.0
5.0
55.0
0.0
0.0
5.0
5.0
5.0
5.0
0.0
10.0
30.0
5.0
5.0
0.0
0.0
20.0
10.0
5.0
5.0
0.0
45.0
0.0
30.0
5.0
5.0
30.0
30.0
50.0
30.0
60.0
50.0
75.0
105.0
180.0
380.0
180.0
180.0
210.0
285.0
285.0
285.0
285.0
180.0
210.0
285.0
565.0
210.0
210.0
260.0
180.0
180.0
260.0
285.0
290.0
290.0
365.0
285.0
240.0
210.0
260.0
490.0
180.0
180.0
260.0
270.0
260.0
285.0
210.0
280.0
270.0
210.0
180.0
275.0
285.0
285.0
265.0
285.0
285.0
210.0
285.0
210.0
265.0
240.0
285.0
210.0
390.0
285.0
460.0
210.0
180.0
240.0
240.0
210.0
335.0
240.0
285.0
240.0
270.0
260.0
240.0
520.0
240.0
210.0
260.0
285.0
285.0
285.0
285.0
265.0
265.0
260.0
180.0
210.0
410.0
210.0
210.0
210.0
210.0
210.0
210.0
285.0
285.0
285.0
360.0
210.0
210.0
265.0
240.0
285.0
210.0
260.0
240.0
180.0
270.0
285.0
240.0
260.0
285.0
240.0
180.0
210.0
325.0
310.0
260.0
265.0
440.0
180.0
440.0
285.0
285.0
490.0
210.0
180.0
285.0
285.0
285.0
260.0
260.0
285.0
260.0
150.0
180.0
240.0
210.0
285.0
490.0
240.0
180.0
460.0
210.0
240.0
180.0
240.0
285.0
210.0
180.0
180.0
210.0
285.0
210.0
240.0
285.0
285.0
210.0
240.0
210.0
410.0
210.0
285.0
